len:54, sec:0, uncomp_data:69 0 0 54 43 103 0 0 64 6 81 89 127 0 0 1 127 0 0 1 43 103 43 103 0 0 0 1 0 0 0 0 80 0 255 255 227 196 0 0 72 101 108 108 111 44 32 83 101 114 118 101 114 33 , rohc_len:49, hdr_len:35, rohc_data:253 6 244 0 6 127 0 0 1 127 0 0 1 43 103 43 103 0 0 64 43 103 48 0 117 226 0 0 0 1 255 255 227 196 0 72 101 108 108 111 44 32 83 101 114 118 101 114 33 |
len:54, sec:0, uncomp_data:69 0 0 54 212 49 0 0 64 6 168 142 127 0 0 1 127 0 0 1 212 49 212 49 0 0 0 2 0 0 0 37 80 0 255 255 40 115 0 0 72 101 108 108 111 44 32 83 101 114 118 101 114 33 , rohc_len:54, hdr_len:40, rohc_data:225 253 6 69 0 6 127 0 0 1 127 0 0 1 212 49 212 49 0 0 64 212 49 16 0 151 242 0 0 0 2 0 0 0 37 255 255 40 115 0 72 101 108 108 111 44 32 83 101 114 118 101 114 33 |
len:54, sec:0, uncomp_data:69 0 0 54 43 103 0 0 64 6 81 89 127 0 0 1 127 0 0 1 43 103 43 103 0 0 0 3 0 0 0 38 80 0 255 255 187 196 0 0 72 101 108 108 111 44 32 83 101 114 118 101 114 33 , rohc_len:53, hdr_len:39, rohc_data:253 6 140 0 6 127 0 0 1 127 0 0 1 43 103 43 103 2 0 64 43 103 16 0 117 227 0 0 0 3 0 0 0 38 255 255 187 196 0 72 101 108 108 111 44 32 83 101 114 118 101 114 33 |
len:54, sec:0, uncomp_data:69 0 0 54 48 57 0 0 64 6 76 135 127 0 0 1 127 0 0 1 48 57 48 57 0 0 0 4 0 0 0 39 80 0 255 255 21 187 0 0 72 101 108 108 111 44 32 83 101 114 118 101 114 33 , rohc_len:54, hdr_len:40, rohc_data:226 253 6 67 0 6 127 0 0 1 127 0 0 1 48 57 48 57 0 0 64 48 57 16 0 254 121 0 0 0 4 0 0 0 39 255 255 21 187 0 72 101 108 108 111 44 32 83 101 114 118 101 114 33 |
len:54, sec:0, uncomp_data:69 0 0 54 43 103 0 0 64 6 81 89 127 0 0 1 127 0 0 1 43 103 43 103 0 0 0 5 0 0 0 40 80 0 255 255 183 196 0 0 72 101 108 108 111 44 32 83 101 114 118 101 114 33 , rohc_len:53, hdr_len:39, rohc_data:253 6 37 0 6 127 0 0 1 127 0 0 1 43 103 43 103 2 0 64 43 103 16 0 117 228 0 0 0 5 0 0 0 40 255 255 183 196 0 72 101 108 108 111 44 32 83 101 114 118 101 114 33 |
len:54, sec:0, uncomp_data:69 0 0 54 212 49 0 0 64 6 168 142 127 0 0 1 127 0 0 1 212 49 212 49 0 0 0 6 0 0 0 41 80 0 255 255 32 115 0 0 72 101 108 108 111 44 32 83 101 114 118 101 114 33 , rohc_len:54, hdr_len:40, rohc_data:225 253 6 205 0 6 127 0 0 1 127 0 0 1 212 49 212 49 2 0 64 212 49 16 0 151 243 0 0 0 6 0 0 0 41 255 255 32 115 0 72 101 108 108 111 44 32 83 101 114 118 101 114 33 |
len:54, sec:0, uncomp_data:69 0 0 54 130 53 0 0 64 6 250 138 127 0 0 1 127 0 0 1 130 53 130 53 0 0 0 7 0 0 0 42 80 0 255 255 23 23 0 0 72 101 108 108 111 44 32 83 101 114 118 101 114 33 , rohc_len:54, hdr_len:40, rohc_data:227 253 6 47 0 6 127 0 0 1 127 0 0 1 130 53 130 53 0 0 64 130 53 16 0 220 231 0 0 0 7 0 0 0 42 255 255 23 23 0 72 101 108 108 111 44 32 83 101 114 118 101 114 33 |
len:54, sec:0, uncomp_data:69 0 0 54 130 53 0 0 64 6 250 138 127 0 0 1 127 0 0 1 130 53 130 53 0 0 0 8 0 0 0 43 80 0 255 255 21 23 0 0 72 101 108 108 111 44 32 83 101 114 118 101 114 33 , rohc_len:54, hdr_len:40, rohc_data:227 253 6 141 0 6 127 0 0 1 127 0 0 1 130 53 130 53 2 0 64 130 53 16 0 220 232 0 0 0 8 0 0 0 43 255 255 21 23 0 72 101 108 108 111 44 32 83 101 114 118 101 114 33 |
len:54, sec:0, uncomp_data:69 0 0 54 212 49 0 0 64 6 168 142 127 0 0 1 127 0 0 1 212 49 212 49 0 0 0 9 0 0 0 44 80 0 255 255 26 115 0 0 72 101 108 108 111 44 32 83 101 114 118 101 114 33 , rohc_len:54, hdr_len:40, rohc_data:225 253 6 192 0 6 127 0 0 1 127 0 0 1 212 49 212 49 2 0 64 212 49 16 0 151 244 0 0 0 9 0 0 0 44 255 255 26 115 0 72 101 108 108 111 44 32 83 101 114 118 101 114 33 |
len:54, sec:0, uncomp_data:69 0 0 54 48 57 0 0 64 6 76 135 127 0 0 1 127 0 0 1 48 57 48 57 0 0 0 10 0 0 0 45 80 0 255 255 9 187 0 0 72 101 108 108 111 44 32 83 101 114 118 101 114 33 , rohc_len:54, hdr_len:40, rohc_data:226 253 6 237 0 6 127 0 0 1 127 0 0 1 48 57 48 57 2 0 64 48 57 16 0 254 122 0 0 0 10 0 0 0 45 255 255 9 187 0 72 101 108 108 111 44 32 83 101 114 118 101 114 33 |
len:54, sec:0, uncomp_data:69 0 0 54 48 57 0 0 64 6 76 135 127 0 0 1 127 0 0 1 48 57 48 57 0 0 0 11 0 0 0 46 80 0 255 255 7 187 0 0 72 101 108 108 111 44 32 83 101 114 118 101 114 33 , rohc_len:54, hdr_len:40, rohc_data:226 253 6 248 0 6 127 0 0 1 127 0 0 1 48 57 48 57 2 0 64 48 57 16 0 254 123 0 0 0 11 0 0 0 46 255 255 7 187 0 72 101 108 108 111 44 32 83 101 114 118 101 114 33 |
len:54, sec:0, uncomp_data:69 0 0 54 130 53 0 0 64 6 250 138 127 0 0 1 127 0 0 1 130 53 130 53 0 0 0 12 0 0 0 47 80 0 255 255 13 23 0 0 72 101 108 108 111 44 32 83 101 114 118 101 114 33 , rohc_len:54, hdr_len:40, rohc_data:227 253 6 193 0 6 127 0 0 1 127 0 0 1 130 53 130 53 2 0 64 130 53 16 0 220 233 0 0 0 12 0 0 0 47 255 255 13 23 0 72 101 108 108 111 44 32 83 101 114 118 101 114 33 |
len:54, sec:0, uncomp_data:69 0 0 54 43 103 0 0 64 6 81 89 127 0 0 1 127 0 0 1 43 103 43 103 0 0 0 13 0 0 0 48 80 0 255 255 167 196 0 0 72 101 108 108 111 44 32 83 101 114 118 101 114 33 , rohc_len:25, hdr_len:11, rohc_data:250 5 80 4 108 13 48 43 103 167 196 72 101 108 108 111 44 32 83 101 114 118 101 114 33 |
len:42, sec:0, uncomp_data:69 0 0 42 43 103 0 0 64 17 81 90 127 0 0 1 127 0 0 1 43 103 43 103 0 22 0 0 72 101 108 108 111 44 32 83 101 114 118 101 114 33 , rohc_len:42, hdr_len:28, rohc_data:228 252 2 1 64 17 127 0 0 1 127 0 0 1 43 103 43 103 0 64 43 103 32 0 0 0 143 14 72 101 108 108 111 44 32 83 101 114 118 101 114 33 |
len:42, sec:0, uncomp_data:69 0 0 42 212 49 0 0 64 17 168 143 127 0 0 1 127 0 0 1 212 49 212 49 0 22 0 0 72 101 108 108 111 44 32 83 101 114 118 101 114 33 , rohc_len:42, hdr_len:28, rohc_data:229 252 2 118 64 17 127 0 0 1 127 0 0 1 212 49 212 49 0 64 212 49 32 0 0 0 123 203 72 101 108 108 111 44 32 83 101 114 118 101 114 33 |
len:42, sec:0, uncomp_data:69 0 0 42 212 49 0 0 64 17 168 143 127 0 0 1 127 0 0 1 212 49 212 49 0 22 0 0 72 101 108 108 111 44 32 83 101 114 118 101 114 33 , rohc_len:42, hdr_len:28, rohc_data:229 252 2 241 64 17 127 0 0 1 127 0 0 1 212 49 212 49 0 64 212 49 48 0 0 0 123 204 72 101 108 108 111 44 32 83 101 114 118 101 114 33 |
len:42, sec:0, uncomp_data:69 0 0 42 48 57 0 0 64 17 76 136 127 0 0 1 127 0 0 1 48 57 48 57 0 22 0 0 72 101 108 108 111 44 32 83 101 114 118 101 114 33 , rohc_len:42, hdr_len:28, rohc_data:230 252 2 87 64 17 127 0 0 1 127 0 0 1 48 57 48 57 0 64 48 57 32 0 0 0 146 223 72 101 108 108 111 44 32 83 101 114 118 101 114 33 |
len:42, sec:0, uncomp_data:69 0 0 42 43 103 0 0 64 17 81 90 127 0 0 1 127 0 0 1 43 103 43 103 0 22 0 0 72 101 108 108 111 44 32 83 101 114 118 101 114 33 , rohc_len:42, hdr_len:28, rohc_data:228 252 2 98 64 17 127 0 0 1 127 0 0 1 43 103 43 103 0 64 43 103 48 0 0 0 143 15 72 101 108 108 111 44 32 83 101 114 118 101 114 33 |
len:42, sec:0, uncomp_data:69 0 0 42 43 103 0 0 64 17 81 90 127 0 0 1 127 0 0 1 43 103 43 103 0 22 0 0 72 101 108 108 111 44 32 83 101 114 118 101 114 33 , rohc_len:42, hdr_len:28, rohc_data:228 252 2 5 64 17 127 0 0 1 127 0 0 1 43 103 43 103 0 64 43 103 48 0 0 0 143 16 72 101 108 108 111 44 32 83 101 114 118 101 114 33 |
len:42, sec:0, uncomp_data:69 0 0 42 48 57 0 0 64 17 76 136 127 0 0 1 127 0 0 1 48 57 48 57 0 22 0 0 72 101 108 108 111 44 32 83 101 114 118 101 114 33 , rohc_len:42, hdr_len:28, rohc_data:230 252 2 250 64 17 127 0 0 1 127 0 0 1 48 57 48 57 0 64 48 57 48 0 0 0 146 224 72 101 108 108 111 44 32 83 101 114 118 101 114 33 |
len:42, sec:0, uncomp_data:69 0 0 42 48 57 0 0 64 17 76 136 127 0 0 1 127 0 0 1 48 57 48 57 0 22 0 0 72 101 108 108 111 44 32 83 101 114 118 101 114 33 , rohc_len:42, hdr_len:28, rohc_data:230 252 2 107 64 17 127 0 0 1 127 0 0 1 48 57 48 57 0 64 48 57 48 0 0 0 146 225 72 101 108 108 111 44 32 83 101 114 118 101 114 33 |
len:42, sec:0, uncomp_data:69 0 0 42 43 103 0 0 64 17 81 90 127 0 0 1 127 0 0 1 43 103 43 103 0 22 0 0 72 101 108 108 111 44 32 83 101 114 118 101 114 33 , rohc_len:16, hdr_len:2, rohc_data:228 11 72 101 108 108 111 44 32 83 101 114 118 101 114 33 |
len:42, sec:0, uncomp_data:69 0 0 42 130 53 0 0 64 17 250 139 127 0 0 1 127 0 0 1 130 53 130 53 0 22 0 0 72 101 108 108 111 44 32 83 101 114 118 101 114 33 , rohc_len:42, hdr_len:28, rohc_data:231 252 2 86 64 17 127 0 0 1 127 0 0 1 130 53 130 53 0 64 130 53 32 0 0 0 40 156 72 101 108 108 111 44 32 83 101 114 118 101 114 33 |
len:42, sec:0, uncomp_data:69 0 0 42 130 53 0 0 64 17 250 139 127 0 0 1 127 0 0 1 130 53 130 53 0 22 0 0 72 101 108 108 111 44 32 83 101 114 118 101 114 33 , rohc_len:42, hdr_len:28, rohc_data:231 252 2 53 64 17 127 0 0 1 127 0 0 1 130 53 130 53 0 64 130 53 48 0 0 0 40 157 72 101 108 108 111 44 32 83 101 114 118 101 114 33 |
len:42, sec:0, uncomp_data:69 0 0 42 212 49 0 0 64 17 168 143 127 0 0 1 127 0 0 1 212 49 212 49 0 22 0 0 72 101 108 108 111 44 32 83 101 114 118 101 114 33 , rohc_len:42, hdr_len:28, rohc_data:229 252 2 96 64 17 127 0 0 1 127 0 0 1 212 49 212 49 0 64 212 49 48 0 0 0 123 205 72 101 108 108 111 44 32 83 101 114 118 101 114 33 |
len:42, sec:0, uncomp_data:69 0 0 42 48 57 0 0 64 17 76 136 127 0 0 1 127 0 0 1 48 57 48 57 0 22 0 0 72 101 108 108 111 44 32 83 101 114 118 101 114 33 , rohc_len:16, hdr_len:2, rohc_data:230 23 72 101 108 108 111 44 32 83 101 114 118 101 114 33 |
len:54, sec:0, uncomp_data:69 0 0 54 43 103 0 0 64 6 81 89 127 0 0 1 127 0 0 1 43 103 43 103 0 0 0 27 0 0 0 62 80 0 255 255 139 196 0 0 72 101 108 108 111 44 32 83 101 114 118 101 114 33 , rohc_len:25, hdr_len:11, rohc_data:250 6 80 4 19 27 62 43 103 139 196 72 101 108 108 111 44 32 83 101 114 118 101 114 33 |
len:54, sec:0, uncomp_data:69 0 0 54 130 53 0 0 64 6 250 138 127 0 0 1 127 0 0 1 130 53 130 53 0 0 0 28 0 0 0 63 80 0 255 255 237 22 0 0 72 101 108 108 111 44 32 83 101 114 118 101 114 33 , rohc_len:26, hdr_len:12, rohc_data:227 250 10 80 4 102 28 63 130 53 237 22 72 101 108 108 111 44 32 83 101 114 118 101 114 33 |
len:54, sec:0, uncomp_data:69 0 0 54 48 57 0 0 64 6 76 135 127 0 0 1 127 0 0 1 48 57 48 57 0 0 0 29 0 0 0 64 80 0 255 255 227 186 0 0 72 101 108 108 111 44 32 83 101 114 118 101 114 33 , rohc_len:26, hdr_len:12, rohc_data:226 250 12 80 4 16 29 64 48 57 227 186 72 101 108 108 111 44 32 83 101 114 118 101 114 33 |
len:54, sec:0, uncomp_data:69 0 0 54 48 57 0 0 64 6 76 135 127 0 0 1 127 0 0 1 48 57 48 57 0 0 0 30 0 0 0 65 80 0 255 255 225 186 0 0 72 101 108 108 111 44 32 83 101 114 118 101 114 33 , rohc_len:26, hdr_len:12, rohc_data:226 250 13 80 4 49 30 65 48 57 225 186 72 101 108 108 111 44 32 83 101 114 118 101 114 33 |
len:54, sec:0, uncomp_data:69 0 0 54 48 57 0 0 64 6 76 135 127 0 0 1 127 0 0 1 48 57 48 57 0 0 0 31 0 0 0 66 80 0 255 255 223 186 0 0 72 101 108 108 111 44 32 83 101 114 118 101 114 33 , rohc_len:26, hdr_len:12, rohc_data:226 250 14 80 4 124 31 66 48 57 223 186 72 101 108 108 111 44 32 83 101 114 118 101 114 33 |
len:54, sec:0, uncomp_data:69 0 0 54 48 57 0 0 64 6 76 135 127 0 0 1 127 0 0 1 48 57 48 57 0 0 0 32 0 0 0 67 80 0 255 255 221 186 0 0 72 101 108 108 111 44 32 83 101 114 118 101 114 33 , rohc_len:26, hdr_len:12, rohc_data:226 250 15 80 4 110 32 67 48 57 221 186 72 101 108 108 111 44 32 83 101 114 118 101 114 33 |
len:54, sec:0, uncomp_data:69 0 0 54 48 57 0 0 64 6 76 135 127 0 0 1 127 0 0 1 48 57 48 57 0 0 0 33 0 0 0 68 80 0 255 255 219 186 0 0 72 101 108 108 111 44 32 83 101 114 118 101 114 33 , rohc_len:26, hdr_len:12, rohc_data:226 250 0 80 4 88 33 68 48 57 219 186 72 101 108 108 111 44 32 83 101 114 118 101 114 33 |
len:54, sec:0, uncomp_data:69 0 0 54 130 53 0 0 64 6 250 138 127 0 0 1 127 0 0 1 130 53 130 53 0 0 0 34 0 0 0 69 80 0 255 255 225 22 0 0 72 101 108 108 111 44 32 83 101 114 118 101 114 33 , rohc_len:26, hdr_len:12, rohc_data:227 250 11 80 4 36 34 69 130 53 225 22 72 101 108 108 111 44 32 83 101 114 118 101 114 33 |
len:54, sec:0, uncomp_data:69 0 0 54 130 53 0 0 64 6 250 138 127 0 0 1 127 0 0 1 130 53 130 53 0 0 0 35 0 0 0 70 80 0 255 255 223 22 0 0 72 101 108 108 111 44 32 83 101 114 118 101 114 33 , rohc_len:26, hdr_len:12, rohc_data:227 250 12 80 4 105 35 70 130 53 223 22 72 101 108 108 111 44 32 83 101 114 118 101 114 33 |
len:54, sec:0, uncomp_data:69 0 0 54 130 53 0 0 64 6 250 138 127 0 0 1 127 0 0 1 130 53 130 53 0 0 0 36 0 0 0 71 80 0 255 255 221 22 0 0 72 101 108 108 111 44 32 83 101 114 118 101 114 33 , rohc_len:26, hdr_len:12, rohc_data:227 250 13 80 4 28 36 71 130 53 221 22 72 101 108 108 111 44 32 83 101 114 118 101 114 33 |
len:54, sec:0, uncomp_data:69 0 0 54 212 49 0 0 64 6 168 142 127 0 0 1 127 0 0 1 212 49 212 49 0 0 0 37 0 0 0 72 80 0 255 255 226 114 0 0 72 101 108 108 111 44 32 83 101 114 118 101 114 33 , rohc_len:26, hdr_len:12, rohc_data:225 250 5 80 4 66 37 72 212 49 226 114 72 101 108 108 111 44 32 83 101 114 118 101 114 33 |
len:54, sec:0, uncomp_data:69 0 0 54 48 57 0 0 64 6 76 135 127 0 0 1 127 0 0 1 48 57 48 57 0 0 0 38 0 0 0 73 80 0 255 255 209 186 0 0 72 101 108 108 111 44 32 83 101 114 118 101 114 33 , rohc_len:26, hdr_len:12, rohc_data:226 250 1 80 4 87 38 73 48 57 209 186 72 101 108 108 111 44 32 83 101 114 118 101 114 33 |
len:54, sec:0, uncomp_data:69 0 0 54 212 49 0 0 64 6 168 142 127 0 0 1 127 0 0 1 212 49 212 49 0 0 0 39 0 0 0 74 80 0 255 255 222 114 0 0 72 101 108 108 111 44 32 83 101 114 118 101 114 33 , rohc_len:26, hdr_len:12, rohc_data:225 250 6 80 4 46 39 74 212 49 222 114 72 101 108 108 111 44 32 83 101 114 118 101 114 33 |
len:54, sec:0, uncomp_data:69 0 0 54 212 49 0 0 64 6 168 142 127 0 0 1 127 0 0 1 212 49 212 49 0 0 0 40 0 0 0 75 80 0 255 255 220 114 0 0 72 101 108 108 111 44 32 83 101 114 118 101 114 33 , rohc_len:26, hdr_len:12, rohc_data:225 250 7 80 4 0 40 75 212 49 220 114 72 101 108 108 111 44 32 83 101 114 118 101 114 33 |
