len:72, sec:20, uncomp_data:0 0 0 0 0 0 0 0 0 0 0 0 0 0 69 0 0 54 43 103 0 0 64 6 81 89 127 0 0 1 127 0 0 1 43 103 43 103 0 0 0 1 0 0 0 0 80 0 255 255 237 143 0 0 72 101 108 108 111 44 32 83 101 114 118 101 114 33 0 0 0 0 , frame_len:67, rohc_data:0 0 0 0 0 0 0 0 0 0 0 0 0 0 253 6 153 0 6 127 0 0 1 127 0 0 1 43 103 43 103 0 0 64 43 103 48 0 144 233 0 0 0 1 255 255 237 143 0 72 101 108 108 111 44 32 83 101 114 118 101 114 33 255 255 223 243 |
len:72, sec:80, uncomp_data:0 0 0 0 0 0 0 0 0 0 0 0 0 0 69 0 0 54 212 49 0 0 64 6 168 142 127 0 0 1 127 0 0 1 212 49 212 49 0 0 0 2 0 0 0 37 80 0 255 255 50 62 0 0 72 101 108 108 111 44 32 83 101 114 118 101 114 33 0 0 0 0 , frame_len:72, rohc_data:0 0 0 0 0 0 0 0 0 0 0 0 0 0 225 253 6 142 0 6 127 0 0 1 127 0 0 1 212 49 212 49 0 0 64 212 49 16 0 98 70 0 0 0 2 0 0 0 37 255 255 50 62 0 72 101 108 108 111 44 32 83 101 114 118 101 114 33 255 255 223 243 |
len:72, sec:100, uncomp_data:0 0 0 0 0 0 0 0 0 0 0 0 0 0 69 0 0 54 43 103 0 0 64 6 81 89 127 0 0 1 127 0 0 1 43 103 43 103 0 0 0 3 0 0 0 38 80 0 255 255 197 143 0 0 72 101 108 108 111 44 32 83 101 114 118 101 114 33 0 0 0 0 , frame_len:71, rohc_data:0 0 0 0 0 0 0 0 0 0 0 0 0 0 253 6 17 0 6 127 0 0 1 127 0 0 1 43 103 43 103 2 0 64 43 103 16 0 144 234 0 0 0 3 0 0 0 38 255 255 197 143 0 72 101 108 108 111 44 32 83 101 114 118 101 114 33 255 255 223 243 |
len:72, sec:1000, uncomp_data:0 0 0 0 0 0 0 0 0 0 0 0 0 0 69 0 0 54 48 57 0 0 64 6 76 135 127 0 0 1 127 0 0 1 48 57 48 57 0 0 0 4 0 0 0 39 80 0 255 255 31 134 0 0 72 101 108 108 111 44 32 83 101 114 118 101 114 33 0 0 0 0 , frame_len:72, rohc_data:0 0 0 0 0 0 0 0 0 0 0 0 0 0 226 253 6 107 0 6 127 0 0 1 127 0 0 1 48 57 48 57 0 0 64 48 57 16 0 199 33 0 0 0 4 0 0 0 39 255 255 31 134 0 72 101 108 108 111 44 32 83 101 114 118 101 114 33 255 255 223 243 |
len:72, sec:1200, uncomp_data:0 0 0 0 0 0 0 0 0 0 0 0 0 0 69 0 0 54 43 103 0 0 64 6 81 89 127 0 0 1 127 0 0 1 43 103 43 103 0 0 0 5 0 0 0 40 80 0 255 255 193 143 0 0 72 101 108 108 111 44 32 83 101 114 118 101 114 33 0 0 0 0 , frame_len:71, rohc_data:0 0 0 0 0 0 0 0 0 0 0 0 0 0 253 6 37 0 6 127 0 0 1 127 0 0 1 43 103 43 103 2 0 64 43 103 16 0 144 235 0 0 0 5 0 0 0 40 255 255 193 143 0 72 101 108 108 111 44 32 83 101 114 118 101 114 33 255 255 223 243 |
len:72, sec:1800, uncomp_data:0 0 0 0 0 0 0 0 0 0 0 0 0 0 69 0 0 54 212 49 0 0 64 6 168 142 127 0 0 1 127 0 0 1 212 49 212 49 0 0 0 6 0 0 0 41 80 0 255 255 42 62 0 0 72 101 108 108 111 44 32 83 101 114 118 101 114 33 0 0 0 0 , frame_len:72, rohc_data:0 0 0 0 0 0 0 0 0 0 0 0 0 0 225 253 6 140 0 6 127 0 0 1 127 0 0 1 212 49 212 49 2 0 64 212 49 16 0 98 71 0 0 0 6 0 0 0 41 255 255 42 62 0 72 101 108 108 111 44 32 83 101 114 118 101 114 33 255 255 223 243 |
len:72, sec:2000, uncomp_data:0 0 0 0 0 0 0 0 0 0 0 0 0 0 69 0 0 54 130 53 0 0 64 6 250 138 127 0 0 1 127 0 0 1 130 53 130 53 0 0 0 7 0 0 0 42 80 0 255 255 32 226 0 0 72 101 108 108 111 44 32 83 101 114 118 101 114 33 0 0 0 0 , frame_len:72, rohc_data:0 0 0 0 0 0 0 0 0 0 0 0 0 0 227 253 6 75 0 6 127 0 0 1 127 0 0 1 130 53 130 53 0 0 64 130 53 16 0 151 255 0 0 0 7 0 0 0 42 255 255 32 226 0 72 101 108 108 111 44 32 83 101 114 118 101 114 33 255 255 223 243 |
len:72, sec:2400, uncomp_data:0 0 0 0 0 0 0 0 0 0 0 0 0 0 69 0 0 54 130 53 0 0 64 6 250 138 127 0 0 1 127 0 0 1 130 53 130 53 0 0 0 8 0 0 0 43 80 0 255 255 30 226 0 0 72 101 108 108 111 44 32 83 101 114 118 101 114 33 0 0 0 0 , frame_len:72, rohc_data:0 0 0 0 0 0 0 0 0 0 0 0 0 0 227 253 6 164 0 6 127 0 0 1 127 0 0 1 130 53 130 53 2 0 64 130 53 16 0 152 0 0 0 0 8 0 0 0 43 255 255 30 226 0 72 101 108 108 111 44 32 83 101 114 118 101 114 33 255 255 223 243 |
len:72, sec:3000, uncomp_data:0 0 0 0 0 0 0 0 0 0 0 0 0 0 69 0 0 54 212 49 0 0 64 6 168 142 127 0 0 1 127 0 0 1 212 49 212 49 0 0 0 9 0 0 0 44 80 0 255 255 36 62 0 0 72 101 108 108 111 44 32 83 101 114 118 101 114 33 0 0 0 0 , frame_len:72, rohc_data:0 0 0 0 0 0 0 0 0 0 0 0 0 0 225 253 6 66 0 6 127 0 0 1 127 0 0 1 212 49 212 49 2 0 64 212 49 16 0 98 72 0 0 0 9 0 0 0 44 255 255 36 62 0 72 101 108 108 111 44 32 83 101 114 118 101 114 33 255 255 223 243 |
len:72, sec:30, uncomp_data:0 0 0 0 0 0 0 0 0 0 0 0 0 0 69 0 0 54 48 57 0 0 64 6 76 135 127 0 0 1 127 0 0 1 48 57 48 57 0 0 0 10 0 0 0 45 80 0 255 255 19 134 0 0 72 101 108 108 111 44 32 83 101 114 118 101 114 33 0 0 0 0 , frame_len:72, rohc_data:0 0 0 0 0 0 0 0 0 0 0 0 0 0 226 253 6 79 0 6 127 0 0 1 127 0 0 1 48 57 48 57 2 0 64 48 57 16 0 199 34 0 0 0 10 0 0 0 45 255 255 19 134 0 72 101 108 108 111 44 32 83 101 114 118 101 114 33 255 255 223 243 |
len:72, sec:90, uncomp_data:0 0 0 0 0 0 0 0 0 0 0 0 0 0 69 0 0 54 48 57 0 0 64 6 76 135 127 0 0 1 127 0 0 1 48 57 48 57 0 0 0 11 0 0 0 46 80 0 255 255 17 134 0 0 72 101 108 108 111 44 32 83 101 114 118 101 114 33 0 0 0 0 , frame_len:72, rohc_data:0 0 0 0 0 0 0 0 0 0 0 0 0 0 226 253 6 221 0 6 127 0 0 1 127 0 0 1 48 57 48 57 2 0 64 48 57 16 0 199 35 0 0 0 11 0 0 0 46 255 255 17 134 0 72 101 108 108 111 44 32 83 101 114 118 101 114 33 255 255 223 243 |
len:72, sec:110, uncomp_data:0 0 0 0 0 0 0 0 0 0 0 0 0 0 69 0 0 54 130 53 0 0 64 6 250 138 127 0 0 1 127 0 0 1 130 53 130 53 0 0 0 12 0 0 0 47 80 0 255 255 22 226 0 0 72 101 108 108 111 44 32 83 101 114 118 101 114 33 0 0 0 0 , frame_len:72, rohc_data:0 0 0 0 0 0 0 0 0 0 0 0 0 0 227 253 6 98 0 6 127 0 0 1 127 0 0 1 130 53 130 53 2 0 64 130 53 16 0 152 1 0 0 0 12 0 0 0 47 255 255 22 226 0 72 101 108 108 111 44 32 83 101 114 118 101 114 33 255 255 223 243 |
len:72, sec:140, uncomp_data:0 0 0 0 0 0 0 0 0 0 0 0 0 0 69 0 0 54 43 103 0 0 64 6 81 89 127 0 0 1 127 0 0 1 43 103 43 103 0 0 0 13 0 0 0 48 80 0 255 255 177 143 0 0 72 101 108 108 111 44 32 83 101 114 118 101 114 33 0 0 0 0 , frame_len:43, rohc_data:0 0 0 0 0 0 0 0 0 0 0 0 0 0 250 12 80 4 100 13 48 43 103 177 143 72 101 108 108 111 44 32 83 101 114 118 101 114 33 255 255 223 243 |
len:60, sec:180, uncomp_data:0 0 0 0 0 0 0 0 0 0 0 0 0 0 69 0 0 42 43 103 0 0 64 17 81 90 127 0 0 1 127 0 0 1 43 103 43 103 0 22 0 0 72 101 108 108 111 44 32 83 101 114 118 101 114 33 0 0 0 0 , frame_len:60, rohc_data:0 0 0 0 0 0 0 0 0 0 0 0 0 0 228 252 2 254 64 17 127 0 0 1 127 0 0 1 43 103 43 103 0 64 43 103 32 0 0 0 44 182 72 101 108 108 111 44 32 83 101 114 118 101 114 33 255 255 223 243 |
len:60, sec:190, uncomp_data:0 0 0 0 0 0 0 0 0 0 0 0 0 0 69 0 0 42 212 49 0 0 64 17 168 143 127 0 0 1 127 0 0 1 212 49 212 49 0 22 0 0 72 101 108 108 111 44 32 83 101 114 118 101 114 33 0 0 0 0 , frame_len:60, rohc_data:0 0 0 0 0 0 0 0 0 0 0 0 0 0 229 252 2 232 64 17 127 0 0 1 127 0 0 1 212 49 212 49 0 64 212 49 32 0 0 0 47 104 72 101 108 108 111 44 32 83 101 114 118 101 114 33 255 255 223 243 |
len:60, sec:250, uncomp_data:0 0 0 0 0 0 0 0 0 0 0 0 0 0 69 0 0 42 212 49 0 0 64 17 168 143 127 0 0 1 127 0 0 1 212 49 212 49 0 22 0 0 72 101 108 108 111 44 32 83 101 114 118 101 114 33 0 0 0 0 , frame_len:60, rohc_data:0 0 0 0 0 0 0 0 0 0 0 0 0 0 229 252 2 139 64 17 127 0 0 1 127 0 0 1 212 49 212 49 0 64 212 49 48 0 0 0 47 105 72 101 108 108 111 44 32 83 101 114 118 101 114 33 255 255 223 243 |
len:60, sec:300, uncomp_data:0 0 0 0 0 0 0 0 0 0 0 0 0 0 69 0 0 42 48 57 0 0 64 17 76 136 127 0 0 1 127 0 0 1 48 57 48 57 0 22 0 0 72 101 108 108 111 44 32 83 101 114 118 101 114 33 0 0 0 0 , frame_len:60, rohc_data:0 0 0 0 0 0 0 0 0 0 0 0 0 0 230 252 2 149 64 17 127 0 0 1 127 0 0 1 48 57 48 57 0 64 48 57 32 0 0 0 234 240 72 101 108 108 111 44 32 83 101 114 118 101 114 33 255 255 223 243 |
len:60, sec:400, uncomp_data:0 0 0 0 0 0 0 0 0 0 0 0 0 0 69 0 0 42 43 103 0 0 64 17 81 90 127 0 0 1 127 0 0 1 43 103 43 103 0 22 0 0 72 101 108 108 111 44 32 83 101 114 118 101 114 33 0 0 0 0 , frame_len:60, rohc_data:0 0 0 0 0 0 0 0 0 0 0 0 0 0 228 252 2 157 64 17 127 0 0 1 127 0 0 1 43 103 43 103 0 64 43 103 48 0 0 0 44 183 72 101 108 108 111 44 32 83 101 114 118 101 114 33 255 255 223 243 |
len:60, sec:700, uncomp_data:0 0 0 0 0 0 0 0 0 0 0 0 0 0 69 0 0 42 43 103 0 0 64 17 81 90 127 0 0 1 127 0 0 1 43 103 43 103 0 22 0 0 72 101 108 108 111 44 32 83 101 114 118 101 114 33 0 0 0 0 , frame_len:60, rohc_data:0 0 0 0 0 0 0 0 0 0 0 0 0 0 228 252 2 230 64 17 127 0 0 1 127 0 0 1 43 103 43 103 0 64 43 103 48 0 0 0 44 184 72 101 108 108 111 44 32 83 101 114 118 101 114 33 255 255 223 243 |
len:60, sec:1200, uncomp_data:0 0 0 0 0 0 0 0 0 0 0 0 0 0 69 0 0 42 48 57 0 0 64 17 76 136 127 0 0 1 127 0 0 1 48 57 48 57 0 22 0 0 72 101 108 108 111 44 32 83 101 114 118 101 114 33 0 0 0 0 , frame_len:60, rohc_data:0 0 0 0 0 0 0 0 0 0 0 0 0 0 230 252 2 246 64 17 127 0 0 1 127 0 0 1 48 57 48 57 0 64 48 57 48 0 0 0 234 241 72 101 108 108 111 44 32 83 101 114 118 101 114 33 255 255 223 243 |
len:60, sec:1600, uncomp_data:0 0 0 0 0 0 0 0 0 0 0 0 0 0 69 0 0 42 48 57 0 0 64 17 76 136 127 0 0 1 127 0 0 1 48 57 48 57 0 22 0 0 72 101 108 108 111 44 32 83 101 114 118 101 114 33 0 0 0 0 , frame_len:60, rohc_data:0 0 0 0 0 0 0 0 0 0 0 0 0 0 230 252 2 132 64 17 127 0 0 1 127 0 0 1 48 57 48 57 0 64 48 57 48 0 0 0 234 242 72 101 108 108 111 44 32 83 101 114 118 101 114 33 255 255 223 243 |
len:60, sec:3000, uncomp_data:0 0 0 0 0 0 0 0 0 0 0 0 0 0 69 0 0 42 43 103 0 0 64 17 81 90 127 0 0 1 127 0 0 1 43 103 43 103 0 22 0 0 72 101 108 108 111 44 32 83 101 114 118 101 114 33 0 0 0 0 , frame_len:34, rohc_data:0 0 0 0 0 0 0 0 0 0 0 0 0 0 228 75 72 101 108 108 111 44 32 83 101 114 118 101 114 33 255 255 223 243 |
len:60, sec:3200, uncomp_data:0 0 0 0 0 0 0 0 0 0 0 0 0 0 69 0 0 42 130 53 0 0 64 17 250 139 127 0 0 1 127 0 0 1 130 53 130 53 0 22 0 0 72 101 108 108 111 44 32 83 101 114 118 101 114 33 0 0 0 0 , frame_len:60, rohc_data:0 0 0 0 0 0 0 0 0 0 0 0 0 0 231 252 2 70 64 17 127 0 0 1 127 0 0 1 130 53 130 53 0 64 130 53 32 0 0 0 160 41 72 101 108 108 111 44 32 83 101 114 118 101 114 33 255 255 223 243 |
len:60, sec:20, uncomp_data:0 0 0 0 0 0 0 0 0 0 0 0 0 0 69 0 0 42 130 53 0 0 64 17 250 139 127 0 0 1 127 0 0 1 130 53 130 53 0 22 0 0 72 101 108 108 111 44 32 83 101 114 118 101 114 33 0 0 0 0 , frame_len:60, rohc_data:0 0 0 0 0 0 0 0 0 0 0 0 0 0 231 252 2 198 64 17 127 0 0 1 127 0 0 1 130 53 130 53 0 64 130 53 48 0 0 0 160 42 72 101 108 108 111 44 32 83 101 114 118 101 114 33 255 255 223 243 |
len:60, sec:40, uncomp_data:0 0 0 0 0 0 0 0 0 0 0 0 0 0 69 0 0 42 212 49 0 0 64 17 168 143 127 0 0 1 127 0 0 1 212 49 212 49 0 22 0 0 72 101 108 108 111 44 32 83 101 114 118 101 114 33 0 0 0 0 , frame_len:60, rohc_data:0 0 0 0 0 0 0 0 0 0 0 0 0 0 229 252 2 249 64 17 127 0 0 1 127 0 0 1 212 49 212 49 0 64 212 49 48 0 0 0 47 106 72 101 108 108 111 44 32 83 101 114 118 101 114 33 255 255 223 243 |
len:60, sec:50, uncomp_data:0 0 0 0 0 0 0 0 0 0 0 0 0 0 69 0 0 42 48 57 0 0 64 17 76 136 127 0 0 1 127 0 0 1 48 57 48 57 0 22 0 0 72 101 108 108 111 44 32 83 101 114 118 101 114 33 0 0 0 0 , frame_len:34, rohc_data:0 0 0 0 0 0 0 0 0 0 0 0 0 0 230 31 72 101 108 108 111 44 32 83 101 114 118 101 114 33 255 255 223 243 |
len:72, sec:70, uncomp_data:0 0 0 0 0 0 0 0 0 0 0 0 0 0 69 0 0 54 43 103 0 0 64 6 81 89 127 0 0 1 127 0 0 1 43 103 43 103 0 0 0 27 0 0 0 62 80 0 255 255 149 143 0 0 72 101 108 108 111 44 32 83 101 114 118 101 114 33 0 0 0 0 , frame_len:43, rohc_data:0 0 0 0 0 0 0 0 0 0 0 0 0 0 250 13 80 4 98 27 62 43 103 149 143 72 101 108 108 111 44 32 83 101 114 118 101 114 33 255 255 223 243 |
len:72, sec:80, uncomp_data:0 0 0 0 0 0 0 0 0 0 0 0 0 0 69 0 0 54 130 53 0 0 64 6 250 138 127 0 0 1 127 0 0 1 130 53 130 53 0 0 0 28 0 0 0 63 80 0 255 255 246 225 0 0 72 101 108 108 111 44 32 83 101 114 118 101 114 33 0 0 0 0 , frame_len:44, rohc_data:0 0 0 0 0 0 0 0 0 0 0 0 0 0 227 250 2 80 4 81 28 63 130 53 246 225 72 101 108 108 111 44 32 83 101 114 118 101 114 33 255 255 223 243 |
len:72, sec:90, uncomp_data:0 0 0 0 0 0 0 0 0 0 0 0 0 0 69 0 0 54 48 57 0 0 64 6 76 135 127 0 0 1 127 0 0 1 48 57 48 57 0 0 0 29 0 0 0 64 80 0 255 255 237 133 0 0 72 101 108 108 111 44 32 83 101 114 118 101 114 33 0 0 0 0 , frame_len:44, rohc_data:0 0 0 0 0 0 0 0 0 0 0 0 0 0 226 250 4 80 4 75 29 64 48 57 237 133 72 101 108 108 111 44 32 83 101 114 118 101 114 33 255 255 223 243 |
len:72, sec:110, uncomp_data:0 0 0 0 0 0 0 0 0 0 0 0 0 0 69 0 0 54 48 57 0 0 64 6 76 135 127 0 0 1 127 0 0 1 48 57 48 57 0 0 0 30 0 0 0 65 80 0 255 255 235 133 0 0 72 101 108 108 111 44 32 83 101 114 118 101 114 33 0 0 0 0 , frame_len:44, rohc_data:0 0 0 0 0 0 0 0 0 0 0 0 0 0 226 250 5 80 4 47 30 65 48 57 235 133 72 101 108 108 111 44 32 83 101 114 118 101 114 33 255 255 223 243 |
len:72, sec:120, uncomp_data:0 0 0 0 0 0 0 0 0 0 0 0 0 0 69 0 0 54 48 57 0 0 64 6 76 135 127 0 0 1 127 0 0 1 48 57 48 57 0 0 0 31 0 0 0 66 80 0 255 255 233 133 0 0 72 101 108 108 111 44 32 83 101 114 118 101 114 33 0 0 0 0 , frame_len:44, rohc_data:0 0 0 0 0 0 0 0 0 0 0 0 0 0 226 250 6 80 4 93 31 66 48 57 233 133 72 101 108 108 111 44 32 83 101 114 118 101 114 33 255 255 223 243 |
len:72, sec:130, uncomp_data:0 0 0 0 0 0 0 0 0 0 0 0 0 0 69 0 0 54 48 57 0 0 64 6 76 135 127 0 0 1 127 0 0 1 48 57 48 57 0 0 0 32 0 0 0 67 80 0 255 255 231 133 0 0 72 101 108 108 111 44 32 83 101 114 118 101 114 33 0 0 0 0 , frame_len:44, rohc_data:0 0 0 0 0 0 0 0 0 0 0 0 0 0 226 250 7 80 4 115 32 67 48 57 231 133 72 101 108 108 111 44 32 83 101 114 118 101 114 33 255 255 223 243 |
len:72, sec:150, uncomp_data:0 0 0 0 0 0 0 0 0 0 0 0 0 0 69 0 0 54 48 57 0 0 64 6 76 135 127 0 0 1 127 0 0 1 48 57 48 57 0 0 0 33 0 0 0 68 80 0 255 255 229 133 0 0 72 101 108 108 111 44 32 83 101 114 118 101 114 33 0 0 0 0 , frame_len:44, rohc_data:0 0 0 0 0 0 0 0 0 0 0 0 0 0 226 250 8 80 4 0 33 68 48 57 229 133 72 101 108 108 111 44 32 83 101 114 118 101 114 33 255 255 223 243 |
len:72, sec:180, uncomp_data:0 0 0 0 0 0 0 0 0 0 0 0 0 0 69 0 0 54 130 53 0 0 64 6 250 138 127 0 0 1 127 0 0 1 130 53 130 53 0 0 0 34 0 0 0 69 80 0 255 255 234 225 0 0 72 101 108 108 111 44 32 83 101 114 118 101 114 33 0 0 0 0 , frame_len:44, rohc_data:0 0 0 0 0 0 0 0 0 0 0 0 0 0 227 250 3 80 4 18 34 69 130 53 234 225 72 101 108 108 111 44 32 83 101 114 118 101 114 33 255 255 223 243 |
len:72, sec:200, uncomp_data:0 0 0 0 0 0 0 0 0 0 0 0 0 0 69 0 0 54 130 53 0 0 64 6 250 138 127 0 0 1 127 0 0 1 130 53 130 53 0 0 0 35 0 0 0 70 80 0 255 255 232 225 0 0 72 101 108 108 111 44 32 83 101 114 118 101 114 33 0 0 0 0 , frame_len:44, rohc_data:0 0 0 0 0 0 0 0 0 0 0 0 0 0 227 250 4 80 4 96 35 70 130 53 232 225 72 101 108 108 111 44 32 83 101 114 118 101 114 33 255 255 223 243 |
len:72, sec:210, uncomp_data:0 0 0 0 0 0 0 0 0 0 0 0 0 0 69 0 0 54 130 53 0 0 64 6 250 138 127 0 0 1 127 0 0 1 130 53 130 53 0 0 0 36 0 0 0 71 80 0 255 255 230 225 0 0 72 101 108 108 111 44 32 83 101 114 118 101 114 33 0 0 0 0 , frame_len:44, rohc_data:0 0 0 0 0 0 0 0 0 0 0 0 0 0 227 250 5 80 4 41 36 71 130 53 230 225 72 101 108 108 111 44 32 83 101 114 118 101 114 33 255 255 223 243 |
len:72, sec:250, uncomp_data:0 0 0 0 0 0 0 0 0 0 0 0 0 0 69 0 0 54 212 49 0 0 64 6 168 142 127 0 0 1 127 0 0 1 212 49 212 49 0 0 0 37 0 0 0 72 80 0 255 255 236 61 0 0 72 101 108 108 111 44 32 83 101 114 118 101 114 33 0 0 0 0 , frame_len:44, rohc_data:0 0 0 0 0 0 0 0 0 0 0 0 0 0 225 250 9 80 4 114 37 72 212 49 236 61 72 101 108 108 111 44 32 83 101 114 118 101 114 33 255 255 223 243 |
len:72, sec:300, uncomp_data:0 0 0 0 0 0 0 0 0 0 0 0 0 0 69 0 0 54 48 57 0 0 64 6 76 135 127 0 0 1 127 0 0 1 48 57 48 57 0 0 0 38 0 0 0 73 80 0 255 255 219 133 0 0 72 101 108 108 111 44 32 83 101 114 118 101 114 33 0 0 0 0 , frame_len:44, rohc_data:0 0 0 0 0 0 0 0 0 0 0 0 0 0 226 250 9 80 4 73 38 73 48 57 219 133 72 101 108 108 111 44 32 83 101 114 118 101 114 33 255 255 223 243 |
len:72, sec:800, uncomp_data:0 0 0 0 0 0 0 0 0 0 0 0 0 0 69 0 0 54 212 49 0 0 64 6 168 142 127 0 0 1 127 0 0 1 212 49 212 49 0 0 0 39 0 0 0 74 80 0 255 255 232 61 0 0 72 101 108 108 111 44 32 83 101 114 118 101 114 33 0 0 0 0 , frame_len:44, rohc_data:0 0 0 0 0 0 0 0 0 0 0 0 0 0 225 250 10 80 4 100 39 74 212 49 232 61 72 101 108 108 111 44 32 83 101 114 118 101 114 33 255 255 223 243 |
len:72, sec:900, uncomp_data:0 0 0 0 0 0 0 0 0 0 0 0 0 0 69 0 0 54 212 49 0 0 64 6 168 142 127 0 0 1 127 0 0 1 212 49 212 49 0 0 0 40 0 0 0 75 80 0 255 255 230 61 0 0 72 101 108 108 111 44 32 83 101 114 118 101 114 33 0 0 0 0 , frame_len:44, rohc_data:0 0 0 0 0 0 0 0 0 0 0 0 0 0 225 250 11 80 4 118 40 75 212 49 230 61 72 101 108 108 111 44 32 83 101 114 118 101 114 33 255 255 223 243 |
